1.025898068144109887e-01
-5.618896739601284551e-01
-8.999213556378834467e-01
-5.970644009054981716e-01
1.954685040731299894e-01
1.000000000000000000e+00
1.000000000000000000e+00
8.210861100971825755e-01
-6.929657853543818025e-01
-5.953850711678608798e-01
3.641207183315003926e-01
-5.434115293545199732e-01
7.224207757736462732e-01
-2.869123761807991224e-01
6.400131947648199926e-01
-6.789536799692352798e-01
-2.123818779188387240e-01
2.198890491855061136e-01
7.041175481219852372e-01
9.051171996774655115e-01
-7.409417703044254289e-01
8.475933268217393790e-01
5.571556276906421967e-01
1.000000000000000000e+00
9.018740266622106150e-01
-7.497315602032906812e-01
-1.121527669354800416e-01
1.000000000000000000e+00
-9.709914678734922200e-01
1.000000000000000000e+00
-2.631084983163764490e-01
3.862595826811376365e-01
-1.000000000000000000e+00
6.869036089266420397e-01
-5.039571607257454788e-01
1.000000000000000000e+00
-1.000000000000000000e+00
-7.665772199937967990e-01
1.000000000000000000e+00
1.000000000000000000e+00
5.539069898133712755e-01
9.039503869277889514e-01
-4.268603118546385744e-01
-1.000000000000000000e+00
-1.218243576791720600e-01
5.526914832446672143e-01
4.565533293707889351e-02
8.598136112785046414e-01
-9.754249266585564015e-01
1.000000000000000000e+00
3.389436668060281099e-01
1.000000000000000000e+00
-1.000000000000000000e+00
-3.355494749045956904e-01
1.000000000000000000e+00
1.000000000000000000e+00
-1.000000000000000000e+00
1.000000000000000000e+00
-1.414144353884211336e-02
7.498815186385797693e-01
1.000000000000000000e+00
6.833704936345283976e-01
-2.331346222017034453e-01
1.000000000000000000e+00
-3.229563782622669743e-01
-1.000000000000000000e+00
-2.835278039677601725e-01
-8.544158435740645263e-02
1.958804757924791917e-01
1.000000000000000000e+00
1.000000000000000000e+00
-1.000000000000000000e+00
-6.978468629219209962e-01
-4.177808524042264104e-01
1.000000000000000000e+00
7.088840306543299219e-01
1.000000000000000000e+00
-1.000000000000000000e+00
-5.916479676184011050e-01
5.280852118064713885e-01
9.817149716323443354e-01
1.000000000000000000e+00
-1.000000000000000000e+00
1.000000000000000000e+00
6.549155793664486191e-01
1.000000000000000000e+00
1.000000000000000000e+00
-8.041404458375004394e-01
-3.659714865848674448e-01
-1.000000000000000000e+00
-8.064568946825190210e-01
1.000000000000000000e+00
-1.000000000000000000e+00
-4.749612288215000477e-01
7.466313767163696991e-01
5.330943018418121682e-01
1.000000000000000000e+00
4.709461120290792113e-02
-1.000000000000000000e+00
1.101494451259583673e-01
-2.390618287755153781e-01
1.987618885593194773e-01
2.697778236224733783e-01
-5.593093558816619737e-02
5.608430061009995748e-01
2.061472373225663457e-01
-6.426085198110934593e-01
9.984866972836725640e-01
-1.115531638761168981e-01
1.772653429712322537e-01
-8.244770104025995749e-01
-4.554362171051655750e-01
-2.972014153760900168e-01
1.000000000000000000e+00
-1.000000000000000000e+00
4.397377043833674559e-01
-3.154211013354718540e-01
-2.493547900734393030e-01
-5.550805913959594440e-01
7.554953580938168489e-01
1.783327821708662331e-01
-8.573410023205774166e-03
7.840151720647203781e-02
3.979273537719181797e-01
-1.704730193475761935e-02
7.571174838393479600e-01
-3.191034314836794783e-01
-1.709250026197894901e-01
4.771398196439616268e-02
9.903202444722385422e-01
8.659071637672696165e-01
2.179691221536085299e-01
-7.655570419976832630e-01
4.472585772820047434e-01
-1.000000000000000000e+00
-1.000000000000000000e+00
5.004496134722553613e-01
-5.441810373744113694e-01
-4.391389469053459949e-01
-6.511026213367314686e-01
7.265868694728201405e-01
-1.000000000000000000e+00
-3.743389848377475237e-01
-4.986071844920114682e-01
-4.514664669092710025e-01
9.261653971081672543e-01
1.000000000000000000e+00
6.198917445498934864e-01
-6.811597206507375990e-01
-6.925737177930666455e-01
-2.007342283886420775e-01
-7.406217381287858448e-01
-4.689041788760098250e-01
2.834839426158822229e-04
7.543649945565853443e-01
-4.168840900555870754e-01
-5.853817888116662482e-01
4.576225699765080757e-01
-9.669538258034358069e-01
-3.619408345062155030e-01
-7.309483910529992468e-01
-1.414706419006509508e-01
2.707040813860018824e-01
-8.524475861432144752e-01
-9.162011740752491473e-01
-5.854364295394649531e-01
-6.435790253909066116e-01
1.000000000000000000e+00
-1.000000000000000000e+00
-7.088191059933832694e-01
6.110606129521761742e-01
9.993550810402025419e-01
-1.000000000000000000e+00
1.000000000000000000e+00
-3.921041768012819423e-02
-9.683856010036855366e-01
-2.700369826064355494e-01
-1.000000000000000000e+00
-3.312192503796511645e-01
1.453225270671218428e-01
-1.000000000000000000e+00
-5.165249445696216135e-01
9.285631533296699880e-01
9.295434004766862657e-01
6.336562519368731383e-01
9.945799836165414298e-01
-8.867056626516681694e-01
2.765044402781181576e-01
-7.365863187997123696e-01
-9.672793724749604305e-01
8.858484941143982550e-01
4.110808421954948444e-01
3.150676488360248939e-01
-2.440498369670056622e-01
1.896354643697414910e-02
9.154188017169017089e-01
9.807438095575811143e-01
-9.345351613783310363e-01
9.708182218265812846e-01
8.867068976691979687e-01
-8.172028719620100246e-01
1.350388314520481470e-01
6.394729044601398238e-01
-4.548163392382430226e-02
-2.357262483724019697e-01
-1.000000000000000000e+00
1.000000000000000000e+00
-8.817047767313147544e-01
-4.696345171428233378e-01
9.526799287005522920e-01
-9.890627767222328615e-01
-2.730524411505032278e-02
5.749218672970293209e-01
-7.494716163599178527e-02
-2.549468143311313106e-01
-6.889167614966429376e-01
-1.775028916400260282e-01
-4.980420136926168029e-01
6.310827370355263088e-01
8.812358879304009462e-02
-7.061731455646671485e-01
-3.978604627080492007e-01
4.040262299530523182e-01
-5.421710148082157232e-01
5.839782101285179161e-01
-3.017435509783270575e-01
2.593189577778717281e-01
1.788485129721563704e-01
3.145371299773033757e-01
-2.033489303224416678e-01
1.486503690773471331e-01
9.146497456424613759e-01
-3.912675905520546227e-01
9.421478782663886831e-01
9.392922764345743580e-01
8.467731983623154601e-01
-2.663619096887587245e-01
2.677561360007698066e-01
7.742402394301760304e-02
3.617732603084771181e-01
-5.727842410794752315e-01
-1.926422088341433470e-01
3.506437410667175292e-01
2.747043251752007142e-01
1.639317522626372037e-01
-1.776135834513217771e-01
-2.693886322156590074e-01
1.000000000000000000e+00
9.133655271495340067e-01
-2.920811324276280652e-01
-3.383918319031703481e-01
-1.000000000000000000e+00
-6.312739378108369603e-01
-6.881735028269564403e-01
1.000000000000000000e+00
-6.175631587092105246e-01
-5.397305859920183829e-02
-1.000000000000000000e+00
1.000000000000000000e+00
7.353802868811034621e-01
1.000000000000000000e+00
8.712314565848899850e-01
5.703046135056160093e-01
-9.069713197126973991e-01
-9.401555374700329981e-01
