-5.131579333204823179e-01
7.671455611377799855e-01
-6.756382433386538544e-01
-2.303515767107801038e-01
-1.403421131635994579e-01
4.578963362946216753e-01
-1.000000000000000000e+00
-1.000000000000000000e+00
1.000000000000000000e+00
1.000000000000000000e+00
1.745798351321263264e-01
1.000000000000000000e+00
-5.730188517585529384e-01
-1.000000000000000000e+00
1.000000000000000000e+00
-1.000000000000000000e+00
-1.000000000000000000e+00
-1.000000000000000000e+00
4.365088122568435702e-01
-1.000000000000000000e+00
-7.765511879385198490e-01
-4.551529105488197890e-01
-7.989096582701273874e-01
1.000000000000000000e+00
-6.257291617229924219e-01
8.919388419663834000e-01
8.877959726450332933e-01
3.865748081948497950e-01
-9.791901263942182077e-02
-9.585778108984752688e-01
2.025582399771657660e-01
3.562522188049895844e-01
1.000000000000000000e+00
6.960040005616758840e-01
9.453637666100256354e-02
-7.580330514954668475e-01
1.000000000000000000e+00
9.484525479922942814e-01
1.000000000000000000e+00
-4.236537246246583344e-01
-1.000000000000000000e+00
-1.000000000000000000e+00
-1.000000000000000000e+00
-1.000000000000000000e+00
3.445898234082094280e-01
5.669116841829799913e-01
1.000000000000000000e+00
-1.000000000000000000e+00
-8.397388923732592714e-01
3.566031020157051784e-02
6.548608269657743008e-01
7.250471452138927964e-01
2.983886703573617738e-01
-8.707866903153731464e-01
1.000000000000000000e+00
-1.000000000000000000e+00
1.924566148467250493e-01
-2.063034224689549445e-01
-4.543124343934679121e-02
4.990599637857610071e-01
5.601755816481436279e-01
-2.118304242849705643e-01
-9.339131261904221049e-02
-1.709404333593901315e-01
1.609145285013826587e-01
5.892965963458798306e-01
3.198071735374848901e-01
-1.000000000000000000e+00
1.299532203894450677e-01
4.159058826185010327e-01
4.029938915094187779e-01
4.970468367802122200e-01
-6.704010697102061322e-02
-3.303006623397297670e-02
2.395979150056343487e-01
-4.568985251883421750e-01
5.681283765689431053e-01
-9.349770213670545171e-01
-7.592250501910375871e-01
-3.949437137373250084e-01
-8.958888943543563688e-01
-1.945118474886842197e-02
-6.571805681659735887e-01
-1.167601834406607197e-01
-5.737089945799506152e-02
-3.631844644319263127e-01
-1.000000000000000000e+00
1.000000000000000000e+00
3.933468748546912197e-01
-1.000000000000000000e+00
1.000000000000000000e+00
3.396657342579264549e-01
1.000000000000000000e+00
-5.066468356073547952e-01
9.731501702547581401e-01
1.000000000000000000e+00
-1.000000000000000000e+00
3.383429519671589114e-01
-5.827807945877412354e-01
1.000000000000000000e+00
-9.872999026517801369e-01
-9.369803790953352696e-01
6.388714339950870569e-01
5.285790153530991464e-01
1.378257047596813112e-01
-3.467356277292893418e-02
-7.837804387179776455e-01
4.981971372786099805e-01
-8.640254312154609373e-01
1.000000000000000000e+00
-2.404458984905498697e-01
3.968524199282582043e-01
8.423016288943169227e-02
1.364223320510911108e-01
-1.000000000000000000e+00
6.492692434040610028e-01
-1.000000000000000000e+00
3.207913945704485292e-02
-2.138462867039651605e-01
-1.000000000000000000e+00
7.021840254033739903e-01
-3.963129686279788788e-01
2.927403591711028041e-01
-4.497638761335905899e-01
-6.878873452720550841e-01
2.062397535449500552e-02
-8.214527900586056086e-01
1.583476646490434292e-01
5.394617907566148229e-01
6.118934590664188988e-01
4.513149525325708677e-01
9.861720439470542110e-02
8.750575060500198621e-01
-1.000000000000000000e+00
1.000000000000000000e+00
-9.409712044208115023e-01
-9.914658879941049552e-01
-5.570148232316940451e-01
1.000000000000000000e+00
-1.000000000000000000e+00
1.000000000000000000e+00
-1.000000000000000000e+00
-2.337301096753240937e-01
-5.096930738426403984e-01
-1.000000000000000000e+00
9.433268042328623038e-01
1.000000000000000000e+00
8.263224594164060299e-01
-1.000000000000000000e+00
-9.858884898670541297e-01
-6.636925096568827565e-01
-1.000000000000000000e+00
-1.000000000000000000e+00
-2.882520476715866864e-01
-1.000000000000000000e+00
1.000000000000000000e+00
9.350069833976701883e-01
1.000000000000000000e+00
7.595811506575312899e-01
-1.000000000000000000e+00
-9.770742413659003756e-01
5.607680952799720675e-01
-1.000000000000000000e+00
-3.846195374075361273e-01
-6.244782002796462894e-01
9.972364949228094966e-02
1.000000000000000000e+00
-6.977333504129926145e-02
-8.281668469968728186e-01
-8.060717826077953285e-01
-4.178107748040678082e-01
1.718853596359213309e-01
5.537253876528530627e-02
1.716115301895693168e-02
-3.287845124439394695e-01
7.170040909389656658e-01
-9.382185539264932261e-01
1.000000000000000000e+00
-1.000000000000000000e+00
-3.445515799536496004e-01
8.737008163518789061e-01
-1.000000000000000000e+00
6.689666675960184161e-01
8.311107171365477164e-01
4.092773849587463819e-01
-1.000000000000000000e+00
-2.060836521181472203e-01
-6.539312523174202196e-01
-3.513717249019596145e-01
-1.000000000000000000e+00
3.640845535967925928e-01
-9.589767839154219597e-01
3.333468943492306491e-01
2.377970980838055026e-01
5.142558553545415467e-01
-6.382280797580415221e-01
7.148611903847059690e-01
4.585461105143522897e-01
5.853654826018105384e-01
-5.964833924338903692e-01
-1.000000000000000000e+00
-1.000000000000000000e+00
-1.000000000000000000e+00
-2.004188260721457837e-01
-1.000000000000000000e+00
7.416968686065941174e-01
1.000000000000000000e+00
-1.000000000000000000e+00
-5.877717612366034627e-01
2.061155290779591587e-01
-8.084398122104986539e-01
-6.892581898917898853e-01
1.000000000000000000e+00
5.834618711180418194e-01
9.705517651980128946e-01
1.000000000000000000e+00
-1.000000000000000000e+00
1.000000000000000000e+00
1.000000000000000000e+00
-6.353430402901276697e-01
8.773456215030421834e-01
-6.366639252096578661e-01
-4.641261280536358447e-01
1.277690700376692134e-01
2.373979655559596558e-02
-3.756706054320162191e-02
-1.000000000000000000e+00
2.532888140622032713e-01
3.034088061355746935e-01
6.971656206824712321e-01
6.634409082314440820e-01
3.238291171316543537e-01
1.000000000000000000e+00
-5.987829963700556091e-01
-1.000000000000000000e+00
-1.000000000000000000e+00
-1.000000000000000000e+00
4.435225466467574984e-01
5.317394833181253722e-01
1.651779858806171342e-01
-1.000000000000000000e+00
-8.085374174999441221e-01
3.620934410089585165e-02
4.054287109671345091e-01
-7.556354410781696007e-02
-7.236626390832046063e-01
6.419722115194643752e-01
2.538449468077951243e-01
-7.873469654045666122e-01
1.000000000000000000e+00
3.362018705957233733e-01
2.098882028072591721e-01
-4.878988629871624516e-01
6.417068736525699535e-03
-7.177259335534669216e-01
-9.831295787978732159e-01
-5.438747972861691649e-01
3.249475978661758857e-01
-5.023688375729069566e-01
4.457184589598117697e-01
-1.000000000000000000e+00
1.000000000000000000e+00
4.809749740394813067e-01
-1.000000000000000000e+00
-6.017829430375722932e-01
